crm wing/body                                                                   
   20
  0.215235  0.011074
  0.317188  0.009968
  0.419141  0.009504
  0.521094  0.009308
  0.623047  0.009215
  0.725000  0.009142
  0.826954  0.009147
  0.928907  0.009228
  1.030860  0.009172
  1.132813  0.008980
  1.234766  0.008693
  1.336720  0.008303
  1.438673  0.007801
  1.540626  0.007231
  1.642579  0.006619
  1.744532  0.005972
  1.846485  0.005321
  1.948439  0.004681
  2.050392  0.004065
  2.152345  0.003488
 2   23111011002001000001  500    0.8500    0.0000    0.0000
   1.60 1.00 0.90 0.25    6    6    0    0    0    0
 3   0000000000000000000000000000000000000000000000000000000
 4   3333333333333333333333333333333333333333333333333333333
 5      10   10    3    3    5    7    9
 1     0.000000  1.000000  1.000000
   50
  5000000.    0  0.030000    0    5
    3    3
  0.215235  0.010000  0.100000  0.000000
  0.796368  0.010000  0.100000  0.000000
  2.152345  0.010000  0.100000  0.000000
  0.215235  0.010000  0.100000  0.000000
  0.796368  0.010000  0.100000  0.000000
  2.152345  0.010000  0.100000  0.000000
 2   02111011001001000001 1500    0.8500    0.0000    0.0000
   1.65 1.00 0.80 0.25    6    6    6    6   11   11
 3   0000000000000000000000000000000000000000000000000000000
 4   3333333333333333333333333333333333333333333333333333333
 5      10   10    3    3    5    7    9
 1     0.000000  1.000000  1.000000
   10
  5000000.    0  0.030000    0    5
    3    3
  0.215235  0.010000  0.100000  0.000000
  0.796368  0.010000  0.100000  0.000000
  2.152345  0.010000  0.100000  0.000000
  0.215235  0.010000  0.100000  0.000000
  0.796368  0.010000  0.100000  0.000000
  2.152345  0.010000  0.100000  0.000000
 2   01111011001001000001 2500    0.8500    0.0000    0.0000
   1.70 1.00 0.70 0.25   16   16    6    6   25   25
 3   0000000000000000000000000000000000000000000000000000000
 4   3333333333333333333333333333333333333333333333333333333
 5      10   10    3    3    7   11   15
 0     0.000000  1.000000  1.000000
   10
  5000000.    0  0.030000    0    5
    3    3
  0.215235  0.010000  0.100000  0.000000
  0.796368  0.010000  0.100000  0.000000
  2.152345  0.010000  0.100000  0.000000
  0.215235  0.010000  0.100000  0.000000
  0.796368  0.010000  0.100000  0.000000
  2.152345  0.010000  0.100000  0.000000
    0
