SAAB                                                                   
   20
  0.420006 -0.009128
  0.596850 -0.004502
  0.773694 -0.002022
  0.950538 -0.000601
  1.127382  0.000245
  1.304225  0.000748
  1.481069  0.001037
  1.657913  0.001189
  1.834757  0.001252
  2.011601  0.001258
  2.188445  0.001229
  2.365288  0.001178
  2.542132  0.001116
  2.718976  0.001047
  2.895820  0.000976
  3.072664  0.000907
  3.249508  0.000840
  3.426352  0.000777
  3.603195  0.000717
  3.780039  0.000662
 2   23111011002001000001  500    0.3300    0.0000    0.0000
   1.60 1.00 0.90 0.25    6    6    0    0    0    0
 3   0000000000000000000000000000000000000000000000000000000
 4   3333333333333333333333333333333333333333333333333333333
 5      10   10    3    3    5    7    9
 1     0.000000  1.000000  1.000000
   50
 12000000.    0  0.030000    0    5
    3    3
  0.373780  0.010000  0.100000  0.000000
  1.148220  0.010000  0.100000  0.000000
  3.500600  0.010000  0.100000  0.000000
  1.148220  0.010000  0.100000  0.000000
  0.796368  0.010000  0.100000  0.000000
  3.500600  0.010000  0.100000  0.000000
 2   02111011001001000001 1500    0.3300    0.0000    0.0000
   1.65 1.00 0.80 0.25    6    6    6    6   11   11
 3   0000000000000000000000000000000000000000000000000000000
 4   3333333333333333333333333333333333333333333333333333333
 5      10   10    3    3    5    7    9
 1     0.000000  1.000000  1.000000
   10
 12000000.    0  0.030000    0    5
    3    3
  0.373780  0.010000  0.100000  0.000000
  1.148220  0.010000  0.100000  0.000000
  3.500600  0.010000  0.100000  0.000000
  0.373780  0.010000  0.100000  0.000000
  1.148220  0.010000  0.100000  0.000000
  3.500600  0.010000  0.100000  0.000000
 2   01111011001001000001 2500    0.3300    0.0000    0.0000
   1.70 1.00 0.70 0.25   16   16    6    6   25   25
 3   0000000000000000000000000000000000000000000000000000000
 4   3333333333333333333333333333333333333333333333333333333
 5      10   10    3    3    7   11   15
 0     0.000000  1.000000  1.000000
   10
 12000000.    0  0.030000    0    5
    3    3
  0.373780  0.010000  0.100000  0.000000
  1.148220  0.010000  0.100000  0.000000
  3.500600  0.010000  0.100000  0.000000
  0.373780  0.010000  0.100000  0.000000
  1.148220  0.010000  0.100000  0.000000
  3.500600  0.010000  0.100000  0.000000
    0
